G3dErrFileVersion 2018P3.1
FlagFileMetaData Begin
   Mesh Size - Setup1, Refinement, Pass #1, Freq. 3.000000e+09 :Title    
   Listing of mesh elements with small segments. :ToolTip  
   hf3d :Author   
   1690294012 :TimeStamp
FlagFileMetaData End
BEGIN_ERR 
26 Small mesh segment detected on body : substrate
 Small mesh segment detected on body : substrate 
 Segment Statistics - Number of Segments : 1 --- Segment length(s) : 10.324463mm. The cutoff frequency for S-Matrix Only Solve is 7.49481145MHz 
4 -1  20  56  94  # nfids, fids[]
2 18  -1  # nbids, bids[]
      4 6 1 0 #ntets ntri ned npts
          -1.6500000000000000e+01  -8.7109375000000000e+00   0.0000000000000000e+00 #xyz tv0
          -1.1715000000000000e+01  -1.5210000000000001e+01   1.6000000000000001e+00 #xyz tv1
          -7.4861111111111107e+00  -1.3745254629629629e+01   4.7030280904260103e-17 #xyz tv2
          -1.6500000000000000e+01  -2.0000000000000000e+01   0.0000000000000000e+00 -1 18 #xyz tv3 fid bid
           0.0000000000000000e+00   0.0000000000000000e+00  -1.0666666666666666e+01 #xyz tv0
          -1.6500000000000000e+01  -2.0000000000000000e+01   0.0000000000000000e+00 #xyz tv1
          -1.6500000000000000e+01  -8.7109375000000000e+00   0.0000000000000000e+00 #xyz tv2
          -7.4861111111111107e+00  -1.3745254629629629e+01   4.7030280904260103e-17 -1 18 #xyz tv3 fid bid
          -1.1919321865405969e+01  -4.9239259364725543e+00   2.5840042712880768e-17 #xyz tv0
          -1.6500000000000000e+01  -8.7109375000000000e+00   0.0000000000000000e+00 #xyz tv1
          -1.1715000000000000e+01  -1.5210000000000001e+01   1.6000000000000001e+00 #xyz tv2
          -7.4861111111111107e+00  -1.3745254629629629e+01   4.7030280904260103e-17 -1 18 #xyz tv3 fid bid
          -1.1919321865405969e+01  -4.9239259364725543e+00   2.5840042712880768e-17 #xyz tv0
           0.0000000000000000e+00   0.0000000000000000e+00  -1.0666666666666666e+01 #xyz tv1
          -1.6500000000000000e+01  -8.7109375000000000e+00   0.0000000000000000e+00 #xyz tv2
          -7.4861111111111107e+00  -1.3745254629629629e+01   4.7030280904260103e-17 -1 18 #xyz tv3 fid bid
          -1.6500000000000000e+01  -2.0000000000000000e+01   0.0000000000000000e+00 #xyz tv0
          -1.6500000000000000e+01  -8.7109375000000000e+00   0.0000000000000000e+00 #xyz tv1
          -7.4861111111111107e+00  -1.3745254629629629e+01   4.7030280904260103e-17 20 -1 #xyz tv2 fid bid
          -1.6500000000000000e+01  -2.0000000000000000e+01   0.0000000000000000e+00 #xyz tv0
          -1.6500000000000000e+01  -8.7109375000000000e+00   0.0000000000000000e+00 #xyz tv1
          -7.4861111111111107e+00  -1.3745254629629629e+01   4.7030280904260103e-17 56 -1 #xyz tv2 fid bid
          -1.6500000000000000e+01  -2.0000000000000000e+01   0.0000000000000000e+00 #xyz tv0
          -1.6500000000000000e+01  -8.7109375000000000e+00   0.0000000000000000e+00 #xyz tv1
          -7.4861111111111107e+00  -1.3745254629629629e+01   4.7030280904260103e-17 94 -1 #xyz tv2 fid bid
          -1.1919321865405969e+01  -4.9239259364725543e+00   2.5840042712880768e-17 #xyz tv0
          -7.4861111111111107e+00  -1.3745254629629629e+01   4.7030280904260103e-17 #xyz tv1
          -1.6500000000000000e+01  -8.7109375000000000e+00   0.0000000000000000e+00 20 -1 #xyz tv2 fid bid
          -1.1919321865405969e+01  -4.9239259364725543e+00   2.5840042712880768e-17 #xyz tv0
          -7.4861111111111107e+00  -1.3745254629629629e+01   4.7030280904260103e-17 #xyz tv1
          -1.6500000000000000e+01  -8.7109375000000000e+00   0.0000000000000000e+00 56 -1 #xyz tv2 fid bid
          -1.1919321865405969e+01  -4.9239259364725543e+00   2.5840042712880768e-17 #xyz tv0
          -7.4861111111111107e+00  -1.3745254629629629e+01   4.7030280904260103e-17 #xyz tv1
          -1.6500000000000000e+01  -8.7109375000000000e+00   0.0000000000000000e+00 94 -1 #xyz tv2 fid bid
          -1.6500000000000000e+01  -8.7109375000000000e+00   0.0000000000000000e+00 #xyz ev0
          -7.4861111111111107e+00  -1.3745254629629629e+01   4.7030280904260103e-17 -1 18 #xyz ev1 fid bid
   0   0.000000000000e+00   0.000000000000e+00   0.000000000000e+00 #flag location
END_ERR 
G3dErrFileVersion 2018P3.1
FlagFileMetaData Begin
   Mesh Size - Setup1, Refinement, Pass #2, Freq. 3.000000e+09 :Title    
   Listing of mesh elements with small segments. :ToolTip  
   hf3d :Author   
   1690294014 :TimeStamp
FlagFileMetaData End
BEGIN_ERR 
26 Small mesh segment detected on body : substrate
 Small mesh segment detected on body : substrate 
 Segment Statistics - Number of Segments : 1 --- Segment length(s) : 9.403274mm. The cutoff frequency for S-Matrix Only Solve is 7.49481145MHz 
4 -1  20  56  94  # nfids, fids[]
2 18  -1  # nbids, bids[]
      4 6 1 0 #ntets ntri ned npts
          -1.6500000000000000e+01  -8.7109375000000000e+00   0.0000000000000000e+00 #xyz tv0
          -1.1715000000000000e+01  -1.5210000000000001e+01   1.6000000000000001e+00 #xyz tv1
          -7.9474488546924791e+00  -1.2619318254982620e+01   3.6440656237813466e-17 #xyz tv2
          -1.6500000000000000e+01  -2.0000000000000000e+01   0.0000000000000000e+00 -1 18 #xyz tv3 fid bid
           0.0000000000000000e+00   0.0000000000000000e+00  -1.0666666666666666e+01 #xyz tv0
          -1.6500000000000000e+01  -2.0000000000000000e+01   0.0000000000000000e+00 #xyz tv1
          -1.6500000000000000e+01  -8.7109375000000000e+00   0.0000000000000000e+00 #xyz tv2
          -7.9474488546924791e+00  -1.2619318254982620e+01   3.6440656237813466e-17 -1 18 #xyz tv3 fid bid
          -1.1837074232072403e+01  -4.1279706139741394e+00   2.8382812408457731e-17 #xyz tv0
          -1.6500000000000000e+01  -8.7109375000000000e+00   0.0000000000000000e+00 #xyz tv1
          -1.1715000000000000e+01  -1.5210000000000001e+01   1.6000000000000001e+00 #xyz tv2
          -7.9474488546924791e+00  -1.2619318254982620e+01   3.6440656237813466e-17 -1 18 #xyz tv3 fid bid
          -1.1837074232072403e+01  -4.1279706139741394e+00   2.8382812408457731e-17 #xyz tv0
           0.0000000000000000e+00   0.0000000000000000e+00  -1.0666666666666666e+01 #xyz tv1
          -1.6500000000000000e+01  -8.7109375000000000e+00   0.0000000000000000e+00 #xyz tv2
          -7.9474488546924791e+00  -1.2619318254982620e+01   3.6440656237813466e-17 -1 18 #xyz tv3 fid bid
          -1.6500000000000000e+01  -2.0000000000000000e+01   0.0000000000000000e+00 #xyz tv0
          -1.6500000000000000e+01  -8.7109375000000000e+00   0.0000000000000000e+00 #xyz tv1
          -7.9474488546924791e+00  -1.2619318254982620e+01   3.6440656237813466e-17 20 -1 #xyz tv2 fid bid
          -1.6500000000000000e+01  -2.0000000000000000e+01   0.0000000000000000e+00 #xyz tv0
          -1.6500000000000000e+01  -8.7109375000000000e+00   0.0000000000000000e+00 #xyz tv1
          -7.9474488546924791e+00  -1.2619318254982620e+01   3.6440656237813466e-17 56 -1 #xyz tv2 fid bid
          -1.6500000000000000e+01  -2.0000000000000000e+01   0.0000000000000000e+00 #xyz tv0
          -1.6500000000000000e+01  -8.7109375000000000e+00   0.0000000000000000e+00 #xyz tv1
          -7.9474488546924791e+00  -1.2619318254982620e+01   3.6440656237813466e-17 94 -1 #xyz tv2 fid bid
          -1.1837074232072403e+01  -4.1279706139741394e+00   2.8382812408457731e-17 #xyz tv0
          -7.9474488546924791e+00  -1.2619318254982620e+01   3.6440656237813466e-17 #xyz tv1
          -1.6500000000000000e+01  -8.7109375000000000e+00   0.0000000000000000e+00 20 -1 #xyz tv2 fid bid
          -1.1837074232072403e+01  -4.1279706139741394e+00   2.8382812408457731e-17 #xyz tv0
          -7.9474488546924791e+00  -1.2619318254982620e+01   3.6440656237813466e-17 #xyz tv1
          -1.6500000000000000e+01  -8.7109375000000000e+00   0.0000000000000000e+00 56 -1 #xyz tv2 fid bid
          -1.1837074232072403e+01  -4.1279706139741394e+00   2.8382812408457731e-17 #xyz tv0
          -7.9474488546924791e+00  -1.2619318254982620e+01   3.6440656237813466e-17 #xyz tv1
          -1.6500000000000000e+01  -8.7109375000000000e+00   0.0000000000000000e+00 94 -1 #xyz tv2 fid bid
          -1.6500000000000000e+01  -8.7109375000000000e+00   0.0000000000000000e+00 #xyz ev0
          -7.9474488546924791e+00  -1.2619318254982620e+01   3.6440656237813466e-17 -1 18 #xyz ev1 fid bid
   0   0.000000000000e+00   0.000000000000e+00   0.000000000000e+00 #flag location
END_ERR 
G3dErrFileVersion 2018P3.1
FlagFileMetaData Begin
   Mesh Size - Setup1, Refinement, Pass #3, Freq. 3.000000e+09 :Title    
   Listing of mesh elements with small segments. :ToolTip  
   hf3d :Author   
   1690294017 :TimeStamp
FlagFileMetaData End
BEGIN_ERR 
26 Small mesh segment detected on body : substrate
 Small mesh segment detected on body : substrate 
 Segment Statistics - Number of Segments : 1 --- Segment length(s) : 7.386880mm. The cutoff frequency for S-Matrix Only Solve is 7.49481145MHz 
4 -1  20  56  94  # nfids, fids[]
2 18  -1  # nbids, bids[]
      6 6 1 0 #ntets ntri ned npts
          -8.2500000000000000e+00  -2.0000000000000000e+01   0.0000000000000000e+00 #xyz tv0
          -7.9474488546924791e+00  -1.2619318254982620e+01   3.6440656237813466e-17 #xyz tv1
          -1.1715000000000000e+01  -1.5210000000000001e+01   1.6000000000000001e+00 #xyz tv2
          -1.6500000000000000e+01  -2.0000000000000000e+01   0.0000000000000000e+00 -1 18 #xyz tv3 fid bid
          -8.2500000000000000e+00  -2.0000000000000000e+01   0.0000000000000000e+00 #xyz tv0
          -7.9474488546924791e+00  -1.2619318254982620e+01   3.6440656237813466e-17 #xyz tv1
          -6.9557812499999994e+00  -1.5210000000000001e+01   1.6000000000000001e+00 #xyz tv2
          -1.1715000000000000e+01  -1.5210000000000001e+01   1.6000000000000001e+00 -1 18 #xyz tv3 fid bid
          -8.2500000000000000e+00  -2.0000000000000000e+01   0.0000000000000000e+00 #xyz tv0
          -3.3659212239583343e+00  -1.7605000000000008e+01   1.6000000000000001e+00 #xyz tv1
          -7.9474488546924791e+00  -1.2619318254982620e+01   3.6440656237813466e-17 #xyz tv2
           0.0000000000000000e+00  -2.0000000000000000e+01   0.0000000000000000e+00 -1 18 #xyz tv3 fid bid
          -8.2500000000000000e+00  -2.0000000000000000e+01   0.0000000000000000e+00 #xyz tv0
          -6.9557812499999994e+00  -1.5210000000000001e+01   1.6000000000000001e+00 #xyz tv1
          -7.9474488546924791e+00  -1.2619318254982620e+01   3.6440656237813466e-17 #xyz tv2
          -3.3659212239583343e+00  -1.7605000000000008e+01   1.6000000000000001e+00 -1 18 #xyz tv3 fid bid
           0.0000000000000000e+00   0.0000000000000000e+00  -1.0666666666666666e+01 #xyz tv0
          -8.2500000000000000e+00  -2.0000000000000000e+01   0.0000000000000000e+00 #xyz tv1
          -1.6500000000000000e+01  -2.0000000000000000e+01   0.0000000000000000e+00 #xyz tv2
          -7.9474488546924791e+00  -1.2619318254982620e+01   3.6440656237813466e-17 -1 18 #xyz tv3 fid bid
           0.0000000000000000e+00  -2.0000000000000000e+01   0.0000000000000000e+00 #xyz tv0
          -8.2500000000000000e+00  -2.0000000000000000e+01   0.0000000000000000e+00 #xyz tv1
           0.0000000000000000e+00   0.0000000000000000e+00  -1.0666666666666666e+01 #xyz tv2
          -7.9474488546924791e+00  -1.2619318254982620e+01   3.6440656237813466e-17 -1 18 #xyz tv3 fid bid
           0.0000000000000000e+00  -2.0000000000000000e+01   0.0000000000000000e+00 #xyz tv0
          -8.2500000000000000e+00  -2.0000000000000000e+01   0.0000000000000000e+00 #xyz tv1
          -7.9474488546924791e+00  -1.2619318254982620e+01   3.6440656237813466e-17 20 -1 #xyz tv2 fid bid
           0.0000000000000000e+00  -2.0000000000000000e+01   0.0000000000000000e+00 #xyz tv0
          -8.2500000000000000e+00  -2.0000000000000000e+01   0.0000000000000000e+00 #xyz tv1
          -7.9474488546924791e+00  -1.2619318254982620e+01   3.6440656237813466e-17 56 -1 #xyz tv2 fid bid
           0.0000000000000000e+00  -2.0000000000000000e+01   0.0000000000000000e+00 #xyz tv0
          -8.2500000000000000e+00  -2.0000000000000000e+01   0.0000000000000000e+00 #xyz tv1
          -7.9474488546924791e+00  -1.2619318254982620e+01   3.6440656237813466e-17 94 -1 #xyz tv2 fid bid
          -8.2500000000000000e+00  -2.0000000000000000e+01   0.0000000000000000e+00 #xyz tv0
          -1.6500000000000000e+01  -2.0000000000000000e+01   0.0000000000000000e+00 #xyz tv1
          -7.9474488546924791e+00  -1.2619318254982620e+01   3.6440656237813466e-17 20 -1 #xyz tv2 fid bid
          -8.2500000000000000e+00  -2.0000000000000000e+01   0.0000000000000000e+00 #xyz tv0
          -1.6500000000000000e+01  -2.0000000000000000e+01   0.0000000000000000e+00 #xyz tv1
          -7.9474488546924791e+00  -1.2619318254982620e+01   3.6440656237813466e-17 56 -1 #xyz tv2 fid bid
          -8.2500000000000000e+00  -2.0000000000000000e+01   0.0000000000000000e+00 #xyz tv0
          -1.6500000000000000e+01  -2.0000000000000000e+01   0.0000000000000000e+00 #xyz tv1
          -7.9474488546924791e+00  -1.2619318254982620e+01   3.6440656237813466e-17 94 -1 #xyz tv2 fid bid
          -8.2500000000000000e+00  -2.0000000000000000e+01   0.0000000000000000e+00 #xyz ev0
          -7.9474488546924791e+00  -1.2619318254982620e+01   3.6440656237813466e-17 -1 18 #xyz ev1 fid bid
   0   0.000000000000e+00   0.000000000000e+00   0.000000000000e+00 #flag location
END_ERR 
G3dErrFileVersion 2018P3.1
FlagFileMetaData Begin
   Mesh Size - Setup1, Refinement, Pass #4, Freq. 3.000000e+09 :Title    
   Listing of mesh elements with small segments. :ToolTip  
   hf3d :Author   
   1690294019 :TimeStamp
FlagFileMetaData End
BEGIN_ERR 
26 Small mesh segment detected on body : substrate
 Small mesh segment detected on body : substrate 
 Segment Statistics - Number of Segments : 1 --- Segment length(s) : 5.777734mm. The cutoff frequency for S-Matrix Only Solve is 7.49481145MHz 
4 -1  20  56  94  # nfids, fids[]
2 18  -1  # nbids, bids[]
      5 6 1 0 #ntets ntri ned npts
           1.2375000000000000e+01   2.0000000000000000e+01   0.0000000000000000e+00 #xyz tv0
           8.2500000000000000e+00   2.0000000000000000e+01   1.6000000000000001e+00 #xyz tv1
           7.4840386135876571e+00   1.4284445079018308e+01   1.3380313912500922e-16 #xyz tv2
           6.6386718750000000e+00   2.0000000000000000e+01   0.0000000000000000e+00 -1 18 #xyz tv3 fid bid
           7.4840386135876571e+00   1.4284445079018308e+01   1.3380313912500922e-16 #xyz tv0
           8.2500000000000000e+00   2.0000000000000000e+01   1.6000000000000001e+00 #xyz tv1
           5.8574999999999999e+00   1.5210000000000001e+01   1.6000000000000001e+00 #xyz tv2
           6.6386718750000000e+00   2.0000000000000000e+01   0.0000000000000000e+00 -1 18 #xyz tv3 fid bid
           1.2375000000000000e+01   2.0000000000000000e+01   0.0000000000000000e+00 #xyz tv0
           7.4840386135876571e+00   1.4284445079018308e+01   1.3380313912500922e-16 #xyz tv1
           1.8150000000000002e+01   2.2000000000000000e+01  -1.0666666666666666e+01 #xyz tv2
           6.6386718750000000e+00   2.0000000000000000e+01   0.0000000000000000e+00 -1 18 #xyz tv3 fid bid
           5.8574999999999999e+00   1.5210000000000001e+01   1.6000000000000001e+00 #xyz tv0
          -2.5781250000000000e-01   2.0000000000000000e+01   0.0000000000000000e+00 #xyz tv1
           7.4840386135876571e+00   1.4284445079018308e+01   1.3380313912500922e-16 #xyz tv2
           6.6386718750000000e+00   2.0000000000000000e+01   0.0000000000000000e+00 -1 18 #xyz tv3 fid bid
           6.6386718750000000e+00   2.0000000000000000e+01   0.0000000000000000e+00 #xyz tv0
           7.4840386135876571e+00   1.4284445079018308e+01   1.3380313912500922e-16 #xyz tv1
           1.8150000000000002e+01   2.2000000000000000e+01  -1.0666666666666666e+01 #xyz tv2
          -2.5781250000000000e-01   2.0000000000000000e+01   0.0000000000000000e+00 -1 18 #xyz tv3 fid bid
          -2.5781250000000000e-01   2.0000000000000000e+01   0.0000000000000000e+00 #xyz tv0
           6.6386718750000000e+00   2.0000000000000000e+01   0.0000000000000000e+00 #xyz tv1
           7.4840386135876571e+00   1.4284445079018308e+01   1.3380313912500922e-16 20 -1 #xyz tv2 fid bid
          -2.5781250000000000e-01   2.0000000000000000e+01   0.0000000000000000e+00 #xyz tv0
           6.6386718750000000e+00   2.0000000000000000e+01   0.0000000000000000e+00 #xyz tv1
           7.4840386135876571e+00   1.4284445079018308e+01   1.3380313912500922e-16 56 -1 #xyz tv2 fid bid
          -2.5781250000000000e-01   2.0000000000000000e+01   0.0000000000000000e+00 #xyz tv0
           6.6386718750000000e+00   2.0000000000000000e+01   0.0000000000000000e+00 #xyz tv1
           7.4840386135876571e+00   1.4284445079018308e+01   1.3380313912500922e-16 94 -1 #xyz tv2 fid bid
           6.6386718750000000e+00   2.0000000000000000e+01   0.0000000000000000e+00 #xyz tv0
           1.2375000000000000e+01   2.0000000000000000e+01   0.0000000000000000e+00 #xyz tv1
           7.4840386135876571e+00   1.4284445079018308e+01   1.3380313912500922e-16 20 -1 #xyz tv2 fid bid
           6.6386718750000000e+00   2.0000000000000000e+01   0.0000000000000000e+00 #xyz tv0
           1.2375000000000000e+01   2.0000000000000000e+01   0.0000000000000000e+00 #xyz tv1
           7.4840386135876571e+00   1.4284445079018308e+01   1.3380313912500922e-16 56 -1 #xyz tv2 fid bid
           6.6386718750000000e+00   2.0000000000000000e+01   0.0000000000000000e+00 #xyz tv0
           1.2375000000000000e+01   2.0000000000000000e+01   0.0000000000000000e+00 #xyz tv1
           7.4840386135876571e+00   1.4284445079018308e+01   1.3380313912500922e-16 94 -1 #xyz tv2 fid bid
           6.6386718750000000e+00   2.0000000000000000e+01   0.0000000000000000e+00 #xyz ev0
           7.4840386135876571e+00   1.4284445079018308e+01   1.3380313912500922e-16 -1 18 #xyz ev1 fid bid
   0   0.000000000000e+00   0.000000000000e+00   0.000000000000e+00 #flag location
END_ERR 
G3dErrFileVersion 2018P3.1
FlagFileMetaData Begin
   Mesh Size - Setup1, Refinement, Pass #5, Freq. 3.000000e+09 :Title    
   Listing of mesh elements with small segments. :ToolTip  
   hf3d :Author   
   1690294022 :TimeStamp
FlagFileMetaData End
BEGIN_ERR 
26 Small mesh segment detected on body : substrate
 Small mesh segment detected on body : substrate 
 Segment Statistics - Number of Segments : 1 --- Segment length(s) : 0.391750mm. The cutoff frequency for S-Matrix Only Solve is 7.49481145MHz 
1 -1  # nfids, fids[]
1 18  # nbids, bids[]
      4 0 1 0 #ntets ntri ned npts
           1.6500000000000000e+01   8.2595321922461262e-01   7.2244080913549280e-01 #xyz tv0
           1.6218315186076712e+01   4.9264569767601557e-01   1.2735713963162529e+00 #xyz tv1
           1.5806816264829902e+01   3.4790319953210580e-01   1.1076902403233366e+00 #xyz tv2
           1.6046682610503733e+01   8.3609722655668306e-01   1.1957799710505097e+00 -1 18 #xyz tv3 fid bid
           1.6218315186076712e+01   4.9264569767601557e-01   1.2735713963162529e+00 #xyz tv0
           1.5556690182245740e+01   8.3780864197530824e-01   1.6000000000000005e+00 #xyz tv1
           1.5806816264829902e+01   3.4790319953210580e-01   1.1076902403233366e+00 #xyz tv2
           1.6046682610503733e+01   8.3609722655668306e-01   1.1957799710505097e+00 -1 18 #xyz tv3 fid bid
           1.6500000000000000e+01   7.6249999999999951e-01   1.6000000000000005e+00 #xyz tv0
           1.6218315186076712e+01   4.9264569767601557e-01   1.2735713963162529e+00 #xyz tv1
           1.6500000000000000e+01   8.2595321922461262e-01   7.2244080913549280e-01 #xyz tv2
           1.6046682610503733e+01   8.3609722655668306e-01   1.1957799710505097e+00 -1 18 #xyz tv3 fid bid
           1.6218315186076712e+01   4.9264569767601557e-01   1.2735713963162529e+00 #xyz tv0
           1.6500000000000000e+01   7.6249999999999951e-01   1.6000000000000005e+00 #xyz tv1
           1.5556690182245740e+01   8.3780864197530824e-01   1.6000000000000005e+00 #xyz tv2
           1.6046682610503733e+01   8.3609722655668306e-01   1.1957799710505097e+00 -1 18 #xyz tv3 fid bid
           1.6046682610503733e+01   8.3609722655668306e-01   1.1957799710505097e+00 #xyz ev0
           1.6218315186076712e+01   4.9264569767601557e-01   1.2735713963162529e+00 -1 18 #xyz ev1 fid bid
   0   0.000000000000e+00   0.000000000000e+00   0.000000000000e+00 #flag location
END_ERR 
G3dErrFileVersion 2018P3.1
FlagFileMetaData Begin
   Mesh Size - Setup1, Refinement, Pass #6, Freq. 3.000000e+09 :Title    
   Listing of mesh elements with small segments. :ToolTip  
   hf3d :Author   
   1690294024 :TimeStamp
FlagFileMetaData End
BEGIN_ERR 
26 Small mesh segment detected on body : substrate
 Small mesh segment detected on body : substrate 
 Segment Statistics - Number of Segments : 1 --- Segment length(s) : 3.805836mm. The cutoff frequency for S-Matrix Only Solve is 7.49481145MHz 
4 -1  20  56  94  # nfids, fids[]
2 18  -1  # nbids, bids[]
      6 6 1 0 #ntets ntri ned npts
           1.3487768391159907e+01  -1.6360475922346410e+01   1.2567239890727435e-17 #xyz tv0
           1.6500000000000000e+01  -2.0000000000000000e+01   1.6000000000000001e+00 #xyz tv1
           1.6500000000000000e+01  -2.0000000000000000e+01   0.0000000000000000e+00 #xyz tv2
           1.2375000000000000e+01  -2.0000000000000000e+01   0.0000000000000000e+00 -1 18 #xyz tv3 fid bid
           1.4107500000000000e+01  -1.7605000000000000e+01   1.6000000000000001e+00 #xyz tv0
           1.3487768391159907e+01  -1.6360475922346410e+01   1.2567239890727435e-17 #xyz tv1
           1.2375000000000000e+01  -2.0000000000000000e+01   0.0000000000000000e+00 #xyz tv2
           1.6500000000000000e+01  -2.0000000000000000e+01   1.6000000000000001e+00 -1 18 #xyz tv3 fid bid
           1.3487768391159907e+01  -1.6360475922346410e+01   1.2567239890727435e-17 #xyz tv0
           1.6500000000000000e+01  -2.0000000000000000e+01   0.0000000000000000e+00 #xyz tv1
           0.0000000000000000e+00   0.0000000000000000e+00  -1.0666666666666666e+01 #xyz tv2
           1.2375000000000000e+01  -2.0000000000000000e+01   0.0000000000000000e+00 -1 18 #xyz tv3 fid bid
           1.4107500000000000e+01  -1.7605000000000000e+01   1.6000000000000001e+00 #xyz tv0
           1.2375000000000000e+01  -2.0000000000000000e+01   0.0000000000000000e+00 #xyz tv1
           1.3487768391159907e+01  -1.6360475922346410e+01   1.2567239890727435e-17 #xyz tv2
           1.1715000000000000e+01  -1.5210000000000001e+01   1.6000000000000001e+00 -1 18 #xyz tv3 fid bid
           1.0334726659783978e+01  -1.7012551684602393e+01   2.0271321058324026e-17 #xyz tv0
           1.1715000000000000e+01  -1.5210000000000001e+01   1.6000000000000001e+00 #xyz tv1
           1.3487768391159907e+01  -1.6360475922346410e+01   1.2567239890727435e-17 #xyz tv2
           1.2375000000000000e+01  -2.0000000000000000e+01   0.0000000000000000e+00 -1 18 #xyz tv3 fid bid
           1.0334726659783978e+01  -1.7012551684602393e+01   2.0271321058324026e-17 #xyz tv0
           1.3487768391159907e+01  -1.6360475922346410e+01   1.2567239890727435e-17 #xyz tv1
           0.0000000000000000e+00   0.0000000000000000e+00  -1.0666666666666666e+01 #xyz tv2
           1.2375000000000000e+01  -2.0000000000000000e+01   0.0000000000000000e+00 -1 18 #xyz tv3 fid bid
           1.2375000000000000e+01  -2.0000000000000000e+01   0.0000000000000000e+00 #xyz tv0
           1.3487768391159907e+01  -1.6360475922346410e+01   1.2567239890727435e-17 #xyz tv1
           1.6500000000000000e+01  -2.0000000000000000e+01   0.0000000000000000e+00 20 -1 #xyz tv2 fid bid
           1.2375000000000000e+01  -2.0000000000000000e+01   0.0000000000000000e+00 #xyz tv0
           1.3487768391159907e+01  -1.6360475922346410e+01   1.2567239890727435e-17 #xyz tv1
           1.6500000000000000e+01  -2.0000000000000000e+01   0.0000000000000000e+00 56 -1 #xyz tv2 fid bid
           1.2375000000000000e+01  -2.0000000000000000e+01   0.0000000000000000e+00 #xyz tv0
           1.3487768391159907e+01  -1.6360475922346410e+01   1.2567239890727435e-17 #xyz tv1
           1.6500000000000000e+01  -2.0000000000000000e+01   0.0000000000000000e+00 94 -1 #xyz tv2 fid bid
           1.2375000000000000e+01  -2.0000000000000000e+01   0.0000000000000000e+00 #xyz tv0
           1.0334726659783978e+01  -1.7012551684602393e+01   2.0271321058324026e-17 #xyz tv1
           1.3487768391159907e+01  -1.6360475922346410e+01   1.2567239890727435e-17 20 -1 #xyz tv2 fid bid
           1.2375000000000000e+01  -2.0000000000000000e+01   0.0000000000000000e+00 #xyz tv0
           1.0334726659783978e+01  -1.7012551684602393e+01   2.0271321058324026e-17 #xyz tv1
           1.3487768391159907e+01  -1.6360475922346410e+01   1.2567239890727435e-17 56 -1 #xyz tv2 fid bid
           1.2375000000000000e+01  -2.0000000000000000e+01   0.0000000000000000e+00 #xyz tv0
           1.0334726659783978e+01  -1.7012551684602393e+01   2.0271321058324026e-17 #xyz tv1
           1.3487768391159907e+01  -1.6360475922346410e+01   1.2567239890727435e-17 94 -1 #xyz tv2 fid bid
           1.2375000000000000e+01  -2.0000000000000000e+01   0.0000000000000000e+00 #xyz ev0
           1.3487768391159907e+01  -1.6360475922346410e+01   1.2567239890727435e-17 -1 18 #xyz ev1 fid bid
   0   0.000000000000e+00   0.000000000000e+00   0.000000000000e+00 #flag location
END_ERR 
G3dErrFileVersion 2018P3.1
FlagFileMetaData Begin
   Mesh Size - Setup1, Refinement, Pass #7, Freq. 3.000000e+09 :Title    
   Listing of mesh elements with small segments. :ToolTip  
   hf3d :Author   
   1690294027 :TimeStamp
FlagFileMetaData End
BEGIN_ERR 
26 Small mesh segment detected on body : substrate
 Small mesh segment detected on body : substrate 
 Segment Statistics - Number of Segments : 1 --- Segment length(s) : 5.024605mm. The cutoff frequency for S-Matrix Only Solve is 7.49481145MHz 
4 -1  20  56  94  # nfids, fids[]
2 18  -1  # nbids, bids[]
      5 6 1 0 #ntets ntri ned npts
           1.6500000000000000e+01  -1.1778756395348871e+01   1.6000000000000001e+00 #xyz tv0
           1.3168683934191256e+01  -1.0651400241115413e+01   4.1004442682684866e-17 #xyz tv1
           1.6500000000000000e+01  -1.4412914749088536e+01   0.0000000000000000e+00 #xyz tv2
           1.6500000000000000e+01  -9.5151460313983982e+00   0.0000000000000000e+00 -1 18 #xyz tv3 fid bid
           1.4107500000000000e+01  -1.3236854486804514e+01   1.6000000000000001e+00 #xyz tv0
           1.6500000000000000e+01  -1.4412914749088536e+01   0.0000000000000000e+00 #xyz tv1
           1.6500000000000000e+01  -1.1778756395348871e+01   1.6000000000000001e+00 #xyz tv2
           1.3168683934191256e+01  -1.0651400241115413e+01   4.1004442682684866e-17 -1 18 #xyz tv3 fid bid
           1.3168683934191256e+01  -1.0651400241115413e+01   4.1004442682684866e-17 #xyz tv0
           1.6500000000000000e+01  -9.5151460313983982e+00   0.0000000000000000e+00 #xyz tv1
           0.0000000000000000e+00   0.0000000000000000e+00  -1.0666666666666666e+01 #xyz tv2
           1.6500000000000000e+01  -1.4412914749088536e+01   0.0000000000000000e+00 -1 18 #xyz tv3 fid bid
           1.4107500000000000e+01  -1.3236854486804514e+01   1.6000000000000001e+00 #xyz tv0
           1.3496373378600097e+01  -1.3360986106906633e+01   2.7554889968045593e-17 #xyz tv1
           1.6500000000000000e+01  -1.4412914749088536e+01   0.0000000000000000e+00 #xyz tv2
           1.3168683934191256e+01  -1.0651400241115413e+01   4.1004442682684866e-17 -1 18 #xyz tv3 fid bid
           1.3496373378600097e+01  -1.3360986106906633e+01   2.7554889968045593e-17 #xyz tv0
           0.0000000000000000e+00   0.0000000000000000e+00  -1.0666666666666666e+01 #xyz tv1
           1.6500000000000000e+01  -1.4412914749088536e+01   0.0000000000000000e+00 #xyz tv2
           1.3168683934191256e+01  -1.0651400241115413e+01   4.1004442682684866e-17 -1 18 #xyz tv3 fid bid
           1.6500000000000000e+01  -1.4412914749088536e+01   0.0000000000000000e+00 #xyz tv0
           1.3168683934191256e+01  -1.0651400241115413e+01   4.1004442682684866e-17 #xyz tv1
           1.6500000000000000e+01  -9.5151460313983982e+00   0.0000000000000000e+00 20 -1 #xyz tv2 fid bid
           1.6500000000000000e+01  -1.4412914749088536e+01   0.0000000000000000e+00 #xyz tv0
           1.3168683934191256e+01  -1.0651400241115413e+01   4.1004442682684866e-17 #xyz tv1
           1.6500000000000000e+01  -9.5151460313983982e+00   0.0000000000000000e+00 56 -1 #xyz tv2 fid bid
           1.6500000000000000e+01  -1.4412914749088536e+01   0.0000000000000000e+00 #xyz tv0
           1.3168683934191256e+01  -1.0651400241115413e+01   4.1004442682684866e-17 #xyz tv1
           1.6500000000000000e+01  -9.5151460313983982e+00   0.0000000000000000e+00 94 -1 #xyz tv2 fid bid
           1.3496373378600097e+01  -1.3360986106906633e+01   2.7554889968045593e-17 #xyz tv0
           1.3168683934191256e+01  -1.0651400241115413e+01   4.1004442682684866e-17 #xyz tv1
           1.6500000000000000e+01  -1.4412914749088536e+01   0.0000000000000000e+00 20 -1 #xyz tv2 fid bid
           1.3496373378600097e+01  -1.3360986106906633e+01   2.7554889968045593e-17 #xyz tv0
           1.3168683934191256e+01  -1.0651400241115413e+01   4.1004442682684866e-17 #xyz tv1
           1.6500000000000000e+01  -1.4412914749088536e+01   0.0000000000000000e+00 56 -1 #xyz tv2 fid bid
           1.3496373378600097e+01  -1.3360986106906633e+01   2.7554889968045593e-17 #xyz tv0
           1.3168683934191256e+01  -1.0651400241115413e+01   4.1004442682684866e-17 #xyz tv1
           1.6500000000000000e+01  -1.4412914749088536e+01   0.0000000000000000e+00 94 -1 #xyz tv2 fid bid
           1.6500000000000000e+01  -1.4412914749088536e+01   0.0000000000000000e+00 #xyz ev0
           1.3168683934191256e+01  -1.0651400241115413e+01   4.1004442682684866e-17 -1 18 #xyz ev1 fid bid
   0   0.000000000000e+00   0.000000000000e+00   0.000000000000e+00 #flag location
END_ERR 
G3dErrFileVersion 2018P3.1
FlagFileMetaData Begin
   Mesh Size - Setup1, Refinement, Pass #8, Freq. 3.000000e+09 :Title    
   Listing of mesh elements with small segments. :ToolTip  
   hf3d :Author   
   1690294029 :TimeStamp
FlagFileMetaData End
BEGIN_ERR 
26 Small mesh segment detected on body : substrate
 Small mesh segment detected on body : substrate 
 Segment Statistics - Number of Segments : 1 --- Segment length(s) : 5.264586mm. The cutoff frequency for S-Matrix Only Solve is 7.49481145MHz 
4 -1  20  56  94  # nfids, fids[]
2 18  -1  # nbids, bids[]
      5 6 1 0 #ntets ntri ned npts
           1.6500000000000000e+01  -1.1988587756042019e+01   1.6000000000000001e+00 #xyz tv0
           1.3168683934191256e+01  -1.0651400241115413e+01   4.1004442682684866e-17 #xyz tv1
           1.6500000000000000e+01  -1.4727942333080186e+01   0.0000000000000000e+00 #xyz tv2
           1.6500000000000000e+01  -9.9254677556250304e+00   0.0000000000000000e+00 -1 18 #xyz tv3 fid bid
           1.4107500000000000e+01  -1.3213737476791113e+01   1.6000000000000001e+00 #xyz tv0
           1.6500000000000000e+01  -1.4727942333080186e+01   0.0000000000000000e+00 #xyz tv1
           1.6500000000000000e+01  -1.1988587756042019e+01   1.6000000000000001e+00 #xyz tv2
           1.3168683934191256e+01  -1.0651400241115413e+01   4.1004442682684866e-17 -1 18 #xyz tv3 fid bid
           1.3168683934191256e+01  -1.0651400241115413e+01   4.1004442682684866e-17 #xyz tv0
           1.6500000000000000e+01  -9.9254677556250304e+00   0.0000000000000000e+00 #xyz tv1
           0.0000000000000000e+00   0.0000000000000000e+00  -1.0666666666666666e+01 #xyz tv2
           1.6500000000000000e+01  -1.4727942333080186e+01   0.0000000000000000e+00 -1 18 #xyz tv3 fid bid
           1.4107500000000000e+01  -1.3213737476791113e+01   1.6000000000000001e+00 #xyz tv0
           1.3330293472646400e+01  -1.3452973833850951e+01   2.6884213287838222e-17 #xyz tv1
           1.6500000000000000e+01  -1.4727942333080186e+01   0.0000000000000000e+00 #xyz tv2
           1.3168683934191256e+01  -1.0651400241115413e+01   4.1004442682684866e-17 -1 18 #xyz tv3 fid bid
           1.3330293472646400e+01  -1.3452973833850951e+01   2.6884213287838222e-17 #xyz tv0
           0.0000000000000000e+00   0.0000000000000000e+00  -1.0666666666666666e+01 #xyz tv1
           1.6500000000000000e+01  -1.4727942333080186e+01   0.0000000000000000e+00 #xyz tv2
           1.3168683934191256e+01  -1.0651400241115413e+01   4.1004442682684866e-17 -1 18 #xyz tv3 fid bid
           1.6500000000000000e+01  -1.4727942333080186e+01   0.0000000000000000e+00 #xyz tv0
           1.3168683934191256e+01  -1.0651400241115413e+01   4.1004442682684866e-17 #xyz tv1
           1.6500000000000000e+01  -9.9254677556250304e+00   0.0000000000000000e+00 20 -1 #xyz tv2 fid bid
           1.6500000000000000e+01  -1.4727942333080186e+01   0.0000000000000000e+00 #xyz tv0
           1.3168683934191256e+01  -1.0651400241115413e+01   4.1004442682684866e-17 #xyz tv1
           1.6500000000000000e+01  -9.9254677556250304e+00   0.0000000000000000e+00 56 -1 #xyz tv2 fid bid
           1.6500000000000000e+01  -1.4727942333080186e+01   0.0000000000000000e+00 #xyz tv0
           1.3168683934191256e+01  -1.0651400241115413e+01   4.1004442682684866e-17 #xyz tv1
           1.6500000000000000e+01  -9.9254677556250304e+00   0.0000000000000000e+00 94 -1 #xyz tv2 fid bid
           1.3330293472646400e+01  -1.3452973833850951e+01   2.6884213287838222e-17 #xyz tv0
           1.3168683934191256e+01  -1.0651400241115413e+01   4.1004442682684866e-17 #xyz tv1
           1.6500000000000000e+01  -1.4727942333080186e+01   0.0000000000000000e+00 20 -1 #xyz tv2 fid bid
           1.3330293472646400e+01  -1.3452973833850951e+01   2.6884213287838222e-17 #xyz tv0
           1.3168683934191256e+01  -1.0651400241115413e+01   4.1004442682684866e-17 #xyz tv1
           1.6500000000000000e+01  -1.4727942333080186e+01   0.0000000000000000e+00 56 -1 #xyz tv2 fid bid
           1.3330293472646400e+01  -1.3452973833850951e+01   2.6884213287838222e-17 #xyz tv0
           1.3168683934191256e+01  -1.0651400241115413e+01   4.1004442682684866e-17 #xyz tv1
           1.6500000000000000e+01  -1.4727942333080186e+01   0.0000000000000000e+00 94 -1 #xyz tv2 fid bid
           1.6500000000000000e+01  -1.4727942333080186e+01   0.0000000000000000e+00 #xyz ev0
           1.3168683934191256e+01  -1.0651400241115413e+01   4.1004442682684866e-17 -1 18 #xyz ev1 fid bid
   0   0.000000000000e+00   0.000000000000e+00   0.000000000000e+00 #flag location
END_ERR 
G3dErrFileVersion 2018P3.1
FlagFileMetaData Begin
   Mesh Size - Setup1, Refinement, Pass #9, Freq. 3.000000e+09 :Title    
   Listing of mesh elements with small segments. :ToolTip  
   hf3d :Author   
   1690294032 :TimeStamp
FlagFileMetaData End
BEGIN_ERR 
26 Small mesh segment detected on body : substrate
 Small mesh segment detected on body : substrate 
 Segment Statistics - Number of Segments : 1 --- Segment length(s) : 0.320919mm. The cutoff frequency for S-Matrix Only Solve is 7.49481145MHz 
1 -1  # nfids, fids[]
1 18  # nbids, bids[]
      4 0 1 0 #ntets ntri ned npts
           1.6073185234216758e+01   1.2230507413467731e+00   3.5055388792486697e-01 #xyz tv0
           1.6032761951316164e+01   1.5212148783115136e+00   4.6214716852313975e-01 #xyz tv1
           1.5409340222631435e+01   1.6103701520777665e+00   2.8529186758675745e-01 #xyz tv2
           1.6500000000000000e+01   1.5249999999999999e+00   6.7723604502134545e-16 -1 18 #xyz tv3 fid bid
           1.6073185234216758e+01   1.2230507413467731e+00   3.5055388792486697e-01 #xyz tv0
           1.5409340222631435e+01   1.6103701520777665e+00   2.8529186758675745e-01 #xyz tv1
           1.6032761951316164e+01   1.5212148783115136e+00   4.6214716852313975e-01 #xyz tv2
           1.5830091527092492e+01   9.6523672265928395e-01   5.5250164318534878e-01 -1 18 #xyz tv3 fid bid
           1.6073185234216758e+01   1.2230507413467731e+00   3.5055388792486697e-01 #xyz tv0
           1.6152390942540514e+01   1.1888382526945704e+00   9.3378219605568102e-01 #xyz tv1
           1.6032761951316164e+01   1.5212148783115136e+00   4.6214716852313975e-01 #xyz tv2
           1.6500000000000000e+01   1.5249999999999999e+00   6.7723604502134545e-16 -1 18 #xyz tv3 fid bid
           1.6073185234216758e+01   1.2230507413467731e+00   3.5055388792486697e-01 #xyz tv0
           1.6032761951316164e+01   1.5212148783115136e+00   4.6214716852313975e-01 #xyz tv1
           1.6152390942540514e+01   1.1888382526945704e+00   9.3378219605568102e-01 #xyz tv2
           1.5830091527092492e+01   9.6523672265928395e-01   5.5250164318534878e-01 -1 18 #xyz tv3 fid bid
           1.6073185234216758e+01   1.2230507413467731e+00   3.5055388792486697e-01 #xyz ev0
           1.6032761951316164e+01   1.5212148783115136e+00   4.6214716852313975e-01 -1 18 #xyz ev1 fid bid
   0   0.000000000000e+00   0.000000000000e+00   0.000000000000e+00 #flag location
END_ERR 
G3dErrFileVersion 2018P3.1
FlagFileMetaData Begin
   Mesh Size - Setup1, Refinement, Pass #10, Freq. 3.000000e+09 :Title    
   Listing of mesh elements with small segments. :ToolTip  
   hf3d :Author   
   1690294035 :TimeStamp
FlagFileMetaData End
BEGIN_ERR 
26 Small mesh segment detected on body : substrate
 Small mesh segment detected on body : substrate 
 Segment Statistics - Number of Segments : 1 --- Segment length(s) : 0.345649mm. The cutoff frequency for S-Matrix Only Solve is 7.49481145MHz 
1 -1  # nfids, fids[]
1 18  # nbids, bids[]
      6 0 1 0 #ntets ntri ned npts
           1.5431249361059812e+01   1.5162282314312510e+00   3.1178514433333648e-01 #xyz tv0
           1.5427331446243871e+01   1.3670719370722944e+00   5.6894643462571977e-16 #xyz tv1
           1.4431699883218805e+01   9.7084535276982575e-01   7.2246984685613791e-01 #xyz tv2
           1.5830091527092492e+01   9.6523672265928395e-01   5.5250164318534878e-01 -1 18 #xyz tv3 fid bid
           1.5431249361059812e+01   1.5162282314312510e+00   3.1178514433333648e-01 #xyz tv0
           1.4431699883218805e+01   9.7084535276982575e-01   7.2246984685613791e-01 #xyz tv1
           1.5427331446243871e+01   1.3670719370722944e+00   5.6894643462571977e-16 #xyz tv2
           1.4038994215044543e+01   1.2029706016297586e+00   4.2692514325273986e-16 -1 18 #xyz tv3 fid bid
           1.5427331446243871e+01   1.3670719370722944e+00   5.6894643462571977e-16 #xyz tv0
           1.5107682010552086e+01   2.5542371266862380e+00   5.3601175527141724e-16 #xyz tv1
           1.5431249361059812e+01   1.5162282314312510e+00   3.1178514433333648e-01 #xyz tv2
           1.4038994215044543e+01   1.2029706016297586e+00   4.2692514325273986e-16 -1 18 #xyz tv3 fid bid
           1.6082537976334091e+01   1.1725445979011475e+00   3.8050309091318824e-01 #xyz tv0
           1.5427331446243871e+01   1.3670719370722944e+00   5.6894643462571977e-16 #xyz tv1
           1.5431249361059812e+01   1.5162282314312510e+00   3.1178514433333648e-01 #xyz tv2
           1.5830091527092492e+01   9.6523672265928395e-01   5.5250164318534878e-01 -1 18 #xyz tv3 fid bid
           1.5427331446243871e+01   1.3670719370722944e+00   5.6894643462571977e-16 #xyz tv0
           1.5431249361059812e+01   1.5162282314312510e+00   3.1178514433333648e-01 #xyz tv1
           1.5107682010552086e+01   2.5542371266862380e+00   5.3601175527141724e-16 #xyz tv2
           1.6500000000000000e+01   1.5249999999999999e+00   6.7723604502134545e-16 -1 18 #xyz tv3 fid bid
           1.6082537976334091e+01   1.1725445979011475e+00   3.8050309091318824e-01 #xyz tv0
           1.5431249361059812e+01   1.5162282314312510e+00   3.1178514433333648e-01 #xyz tv1
           1.5427331446243871e+01   1.3670719370722944e+00   5.6894643462571977e-16 #xyz tv2
           1.6500000000000000e+01   1.5249999999999999e+00   6.7723604502134545e-16 -1 18 #xyz tv3 fid bid
           1.5431249361059812e+01   1.5162282314312510e+00   3.1178514433333648e-01 #xyz ev0
